112.497678392
59.1347795008
56.8118365849
54.9666139189
52.3585152353
48.5268644861
43.5435674284
37.9341225633
32.5490987847
27.6275118992
23.2911310467
20.6486348334
19.5267905203
19.0219728055
18.7278259676
18.5446065721
18.4424843171
18.3901584718
18.3620945876
18.3450734604
18.3335386213
18.3251426158
18.3187602213
18.3137689848
18.3097856138
18.3065568203
18.3039070683
18.3017104296
18.2998741015
18.2983281707
18.2970189798
18.2959046827
18.2949521863
18.2941349969
18.2934316741
18.2928247006
18.2922996429
18.2918445191
18.2914493161
18.2911056172
18.29080631
18.2905453571
18.2903176121
18.2901186726
18.2899447604
18.2897926237
18.289659457
18.2895428342
18.2894406535
18.2893510907
18.2892725601
18.2892036816
18.2891432526
18.2890902241
18.28904368
18.2890028199
18.2889669441
18.28893544
18.2889077715
18.2888834689
18.2888621208
18.2888433664
18.2888268894
18.2888124122
18.2887996914
18.2887885134
18.2887786906
18.2887700584
18.2887624722
18.288755805
18.2887499454
18.2887447955
18.2887402691
18.2887362907
18.2887327939
18.2887297204
18.2887270189
18.2887246443
18.2887225571
18.2887207225
18.2887191098
18.2887176923
18.2887164463
18.288715351
18.2887143882
18.2887135419
18.288712798
18.288712144
18.2887115692
18.2887110639
18.2887106197
18.2887102293
18.2887098861
18.2887095844
18.2887093192
18.288709086
18.2887088811
18.288708701
18.2887085426
18.2887084034
